,0.00,0.02,0.04,0.06,0.08,0.10,0.12,0.14,0.16,0.18,0.20,0.22,0.24,0.26,0.28,0.30,0.32,0.34,0.36,0.38,0.40,0.42,0.44,0.46,0.48,0.50,0.52,0.54,0.56,0.58,0.60,0.62,0.64,0.66,0.68,0.70,0.72,0.74,0.76,0.78,0.80,0.82,0.84,0.86,0.88,0.90,0.92,0.94,0.96,0.98
0,0.021,0.028,0.036,0.043,0.05,0.057,0.064,0.071,0.078,0.085,0.091,0.098,0.104,0.111,0.117,0.123,0.129,0.135,0.141,0.147,0.153,0.158,0.164,0.17,0.175,0.181,0.186,0.191,0.197,0.202,0.207,0.212,0.217,0.222,0.227,0.232,0.237,0.242,0.247,0.252,0.256,0.261,0.266,0.27,0.275,0.279,0.283,0.288,0.292,0.296
1,0.021,0.028,0.036,0.043,0.05,0.057,0.064,0.071,0.078,0.085,0.091,0.098,0.104,0.111,0.117,0.123,0.129,0.135,0.141,0.147,0.153,0.158,0.164,0.17,0.175,0.181,0.186,0.192,0.197,0.202,0.207,0.212,0.217,0.222,0.227,0.232,0.237,0.242,0.247,0.252,0.256,0.261,0.266,0.27,0.275,0.279,0.283,0.288,0.292,0.296
2,0.021,0.028,0.036,0.043,0.05,0.057,0.064,0.071,0.078,0.085,0.091,0.098,0.104,0.111,0.117,0.123,0.129,0.135,0.141,0.147,0.153,0.158,0.164,0.17,0.175,0.181,0.186,0.192,0.197,0.202,0.207,0.212,0.218,0.223,0.228,0.232,0.237,0.242,0.247,0.252,0.256,0.261,0.266,0.27,0.275,0.279,0.284,0.288,0.292,0.297
3,0.021,0.028,0.036,0.043,0.05,0.057,0.064,0.071,0.078,0.085,0.091,0.098,0.104,0.111,0.117,0.123,0.129,0.135,0.141,0.147,0.153,0.159,0.164,0.17,0.175,0.181,0.186,0.192,0.197,0.202,0.207,0.213,0.218,0.223,0.228,0.233,0.237,0.242,0.247,0.252,0.256,0.261,0.266,0.27,0.275,0.279,0.284,0.288,0.292,0.297
4,0.021,0.028,0.036,0.043,0.05,0.057,0.064,0.071,0.078,0.085,0.091,0.098,0.104,0.111,0.117,0.123,0.129,0.135,0.141,0.147,0.153,0.159,0.164,0.17,0.175,0.181,0.186,0.192,0.197,0.202,0.208,0.213,0.218,0.223,0.228,0.233,0.238,0.242,0.247,0.252,0.257,0.261,0.266,0.27,0.275,0.279,0.284,0.288,0.293,0.297
5,0.021,0.028,0.036,0.043,0.05,0.058,0.065,0.071,0.078,0.085,0.091,0.098,0.104,0.111,0.117,0.123,0.129,0.135,0.141,0.147,0.153,0.159,0.164,0.17,0.176,0.181,0.187,0.192,0.197,0.202,0.208,0.213,0.218,0.223,0.228,0.233,0.238,0.243,0.247,0.252,0.257,0.262,0.266,0.271,0.275,0.28,0.284,0.288,0.293,0.297
6,0.021,0.028,0.036,0.043,0.05,0.058,0.065,0.071,0.078,0.085,0.092,0.098,0.105,0.111,0.117,0.123,0.129,0.135,0.141,0.147,0.153,0.159,0.165,0.17,0.176,0.181,0.187,0.192,0.197,0.203,0.208,0.213,0.218,0.223,0.228,0.233,0.238,0.243,0.248,0.252,0.257,0.262,0.266,0.271,0.275,0.28,0.284,0.289,0.293,0.297
7,0.021,0.028,0.036,0.043,0.051,0.058,0.065,0.072,0.078,0.085,0.092,0.098,0.105,0.111,0.117,0.123,0.13,0.136,0.142,0.148,0.153,0.159,0.165,0.17,0.176,0.182,0.187,0.192,0.198,0.203,0.208,0.213,0.218,0.223,0.228,0.233,0.238,0.243,0.248,0.253,0.257,0.262,0.267,0.271,0.276,0.28,0.285,0.289,0.293,0.298
8,0.021,0.028,0.036,0.043,0.051,0.058,0.065,0.072,0.078,0.085,0.092,0.098,0.105,0.111,0.117,0.124,0.13,0.136,0.142,0.148,0.154,0.159,0.165,0.171,0.176,0.182,0.187,0.193,0.198,0.203,0.208,0.214,0.219,0.224,0.229,0.234,0.239,0.243,0.248,0.253,0.258,0.262,0.267,0.272,0.276,0.281,0.285,0.289,0.294,0.298
9,0.021,0.028,0.036,0.043,0.051,0.058,0.065,0.072,0.079,0.085,0.092,0.098,0.105,0.111,0.118,0.124,0.13,0.136,0.142,0.148,0.154,0.16,0.165,0.171,0.177,0.182,0.188,0.193,0.198,0.204,0.209,0.214,0.219,0.224,0.229,0.234,0.239,0.244,0.249,0.253,0.258,0.263,0.267,0.272,0.277,0.281,0.285,0.29,0.294,0.299
10,0.021,0.028,0.036,0.043,0.051,0.058,0.065,0.072,0.079,0.085,0.092,0.099,0.105,0.112,0.118,0.124,0.13,0.136,0.142,0.148,0.154,0.16,0.166,0.171,0.177,0.182,0.188,0.193,0.199,0.204,0.209,0.214,0.219,0.225,0.23,0.234,0.239,0.244,0.249,0.254,0.259,0.263,0.268,0.272,0.277,0.282,0.286,0.29,0.295,0.299
11,0.021,0.028,0.036,0.043,0.051,0.058,0.065,0.072,0.079,0.086,0.092,0.099,0.105,0.112,0.118,0.124,0.13,0.137,0.143,0.148,0.154,0.16,0.166,0.172,0.177,0.183,0.188,0.194,0.199,0.204,0.21,0.215,0.22,0.225,0.23,0.235,0.24,0.245,0.25,0.254,0.259,0.264,0.268,0.273,0.278,0.282,0.287,0.291,0.295,0.3
12,0.021,0.028,0.036,0.044,0.051,0.058,0.065,0.072,0.079,0.086,0.092,0.099,0.106,0.112,0.118,0.125,0.131,0.137,0.143,0.149,0.155,0.161,0.166,0.172,0.178,0.183,0.189,0.194,0.199,0.205,0.21,0.215,0.22,0.225,0.23,0.235,0.24,0.245,0.25,0.255,0.26,0.264,0.269,0.274,0.278,0.283,0.287,0.292,0.296,0.3
13,0.021,0.029,0.036,0.044,0.051,0.058,0.065,0.072,0.079,0.086,0.093,0.099,0.106,0.112,0.119,0.125,0.131,0.137,0.143,0.149,0.155,0.161,0.167,0.172,0.178,0.184,0.189,0.194,0.2,0.205,0.21,0.216,0.221,0.226,0.231,0.236,0.241,0.246,0.251,0.255,0.26,0.265,0.27,0.274,0.279,0.283,0.288,0.292,0.297,0.301
14,0.021,0.029,0.036,0.044,0.051,0.058,0.065,0.072,0.079,0.086,0.093,0.1,0.106,0.112,0.119,0.125,0.131,0.137,0.144,0.15,0.155,0.161,0.167,0.173,0.178,0.184,0.19,0.195,0.2,0.206,0.211,0.216,0.221,0.226,0.232,0.237,0.242,0.246,0.251,0.256,0.261,0.266,0.27,0.275,0.279,0.284,0.288,0.293,0.297,0.302
15,0.021,0.029,0.036,0.044,0.051,0.058,0.066,0.073,0.08,0.086,0.093,0.1,0.106,0.113,0.119,0.125,0.132,0.138,0.144,0.15,0.156,0.162,0.168,0.173,0.179,0.184,0.19,0.195,0.201,0.206,0.212,0.217,0.222,0.227,0.232,0.237,0.242,0.247,0.252,0.257,0.262,0.266,0.271,0.276,0.28,0.285,0.289,0.294,0.298,0.302
16,0.021,0.029,0.036,0.044,0.051,0.059,0.066,0.073,0.08,0.087,0.093,0.1,0.107,0.113,0.12,0.126,0.132,0.138,0.144,0.15,0.156,0.162,0.168,0.174,0.179,0.185,0.191,0.196,0.201,0.207,0.212,0.217,0.223,0.228,0.233,0.238,0.243,0.248,0.253,0.258,0.262,0.267,0.272,0.276,0.281,0.286,0.29,0.294,0.299,0.303
17,0.021,0.029,0.036,0.044,0.051,0.059,0.066,0.073,0.08,0.087,0.094,0.1,0.107,0.113,0.12,0.126,0.132,0.139,0.145,0.151,0.157,0.163,0.169,0.174,0.18,0.186,0.191,0.197,0.202,0.207,0.213,0.218,0.223,0.228,0.234,0.239,0.244,0.249,0.253,0.258,0.263,0.268,0.273,0.277,0.282,0.286,0.291,0.295,0.3,0.304
18,0.021,0.029,0.037,0.044,0.052,0.059,0.066,0.073,0.08,0.087,0.094,0.101,0.107,0.114,0.12,0.127,0.133,0.139,0.145,0.151,0.157,0.163,0.169,0.175,0.181,0.186,0.192,0.197,0.203,0.208,0.214,0.219,0.224,0.229,0.234,0.239,0.244,0.249,0.254,0.259,0.264,0.269,0.273,0.278,0.283,0.287,0.292,0.296,0.301,0.305
19,0.021,0.029,0.037,0.044,0.052,0.059,0.066,0.073,0.081,0.087,0.094,0.101,0.108,0.114,0.121,0.127,0.133,0.14,0.146,0.152,0.158,0.164,0.17,0.175,0.181,0.187,0.192,0.198,0.203,0.209,0.214,0.22,0.225,0.23,0.235,0.24,0.245,0.25,0.255,0.26,0.265,0.27,0.274,0.279,0.284,0.288,0.293,0.297,0.302,0.306
20,0.021,0.029,0.037,0.044,0.052,0.059,0.067,0.074,0.081,0.088,0.095,0.101,0.108,0.115,0.121,0.128,0.134,0.14,0.146,0.152,0.158,0.164,0.17,0.176,0.182,0.188,0.193,0.199,0.204,0.21,0.215,0.22,0.226,0.231,0.236,0.241,0.246,0.251,0.256,0.261,0.266,0.271,0.275,0.28,0.285,0.289,0.294,0.298,0.303,0.307
21,0.021,0.029,0.037,0.045,0.052,0.059,0.067,0.074,0.081,0.088,0.095,0.102,0.108,0.115,0.122,0.128,0.134,0.141,0.147,0.153,0.159,0.165,0.171,0.177,0.183,0.188,0.194,0.2,0.205,0.21,0.216,0.221,0.227,0.232,0.237,0.242,0.247,0.252,0.257,0.262,0.267,0.272,0.276,0.281,0.286,0.29,0.295,0.3,0.304,0.308
22,0.021,0.029,0.037,0.045,0.052,0.06,0.067,0.074,0.081,0.088,0.095,0.102,0.109,0.116,0.122,0.129,0.135,0.141,0.147,0.154,0.16,0.166,0.172,0.178,0.183,0.189,0.195,0.2,0.206,0.211,0.217,0.222,0.227,0.233,0.238,0.243,0.248,0.253,0.258,0.263,0.268,0.273,0.278,0.282,0.287,0.292,0.296,0.301,0.305,0.31
23,0.021,0.029,0.037,0.045,0.052,0.06,0.067,0.075,0.082,0.089,0.096,0.103,0.109,0.116,0.123,0.129,0.136,0.142,0.148,0.154,0.16,0.166,0.172,0.178,0.184,0.19,0.196,0.201,0.207,0.212,0.218,0.223,0.228,0.234,0.239,0.244,0.249,0.254,0.259,0.264,0.269,0.274,0.279,0.283,0.288,0.293,0.297,0.302,0.306,0.311
24,0.021,0.029,0.037,0.045,0.053,0.06,0.068,0.075,0.082,0.089,0.096,0.103,0.11,0.117,0.123,0.13,0.136,0.143,0.149,0.155,0.161,0.167,0.173,0.179,0.185,0.191,0.196,0.202,0.208,0.213,0.219,0.224,0.229,0.235,0.24,0.245,0.25,0.255,0.26,0.265,0.27,0.275,0.28,0.285,0.289,0.294,0.299,0.303,0.308,0.312
25,0.021,0.029,0.037,0.045,0.053,0.06,0.068,0.075,0.082,0.09,0.097,0.104,0.11,0.117,0.124,0.13,0.137,0.143,0.15,0.156,0.162,0.168,0.174,0.18,0.186,0.192,0.197,0.203,0.209,0.214,0.22,0.225,0.231,0.236,0.241,0.246,0.251,0.257,0.262,0.267,0.272,0.276,0.281,0.286,0.291,0.295,0.3,0.305,0.309,0.314
26,0.021,0.029,0.037,0.045,0.053,0.061,0.068,0.076,0.083,0.09,0.097,0.104,0.111,0.118,0.124,0.131,0.137,0.144,0.15,0.157,0.163,0.169,0.175,0.181,0.187,0.193,0.198,0.204,0.21,0.215,0.221,0.226,0.232,0.237,0.242,0.248,0.253,0.258,0.263,0.268,0.273,0.278,0.283,0.287,0.292,0.297,0.302,0.306,0.311,0.315
27,0.021,0.029,0.038,0.045,0.053,0.061,0.069,0.076,0.083,0.09,0.098,0.105,0.111,0.118,0.125,0.132,0.138,0.145,0.151,0.157,0.164,0.17,0.176,0.182,0.188,0.194,0.199,0.205,0.211,0.216,0.222,0.227,0.233,0.238,0.244,0.249,0.254,0.259,0.264,0.269,0.274,0.279,0.284,0.289,0.294,0.298,0.303,0.308,0.312,0.317
28,0.021,0.03,0.038,0.046,0.054,0.061,0.069,0.076,0.084,0.091,0.098,0.105,0.112,0.119,0.126,0.132,0.139,0.145,0.152,0.158,0.164,0.171,0.177,0.183,0.189,0.195,0.201,0.206,0.212,0.218,0.223,0.229,0.234,0.24,0.245,0.25,0.255,0.261,0.266,0.271,0.276,0.281,0.286,0.29,0.295,0.3,0.305,0.309,0.314,0.318
29,0.021,0.03,0.038,0.046,0.054,0.062,0.069,0.077,0.084,0.091,0.099,0.106,0.113,0.12,0.126,0.133,0.14,0.146,0.153,0.159,0.165,0.172,0.178,0.184,0.19,0.196,0.202,0.207,0.213,0.219,0.224,0.23,0.235,0.241,0.246,0.252,0.257,0.262,0.267,0.272,0.277,0.282,0.287,0.292,0.297,0.302,0.306,0.311,0.316,0.32
30,0.021,0.03,0.038,0.046,0.054,0.062,0.07,0.077,0.085,0.092,0.099,0.106,0.113,0.12,0.127,0.134,0.141,0.147,0.154,0.16,0.166,0.173,0.179,0.185,0.191,0.197,0.203,0.209,0.214,0.22,0.226,0.231,0.237,0.242,0.248,0.253,0.258,0.264,0.269,0.274,0.279,0.284,0.289,0.294,0.299,0.303,0.308,0.313,0.317,0.322
31,0.021,0.03,0.038,0.046,0.054,0.062,0.07,0.078,0.085,0.092,0.1,0.107,0.114,0.121,0.128,0.135,0.141,0.148,0.155,0.161,0.167,0.174,0.18,0.186,0.192,0.198,0.204,0.21,0.216,0.221,0.227,0.233,0.238,0.244,0.249,0.255,0.26,0.265,0.27,0.275,0.281,0.286,0.291,0.295,0.3,0.305,0.31,0.315,0.319,0.324
32,0.021,0.03,0.038,0.047,0.055,0.063,0.07,0.078,0.086,0.093,0.1,0.108,0.115,0.122,0.129,0.136,0.142,0.149,0.156,0.162,0.168,0.175,0.181,0.187,0.193,0.199,0.205,0.211,0.217,0.223,0.229,0.234,0.24,0.245,0.251,0.256,0.262,0.267,0.272,0.277,0.282,0.287,0.292,0.297,0.302,0.307,0.312,0.317,0.321,0.326
33,0.021,0.03,0.039,0.047,0.055,0.063,0.071,0.079,0.086,0.094,0.101,0.108,0.116,0.123,0.13,0.136,0.143,0.15,0.157,0.163,0.17,0.176,0.182,0.189,0.195,0.201,0.207,0.213,0.219,0.224,0.23,0.236,0.241,0.247,0.252,0.258,0.263,0.269,0.274,0.279,0.284,0.289,0.294,0.299,0.304,0.309,0.314,0.319,0.323,0.328
34,0.021,0.03,0.039,0.047,0.055,0.063,0.071,0.079,0.087,0.094,0.102,0.109,0.116,0.123,0.13,0.137,0.144,0.151,0.158,0.164,0.171,0.177,0.184,0.19,0.196,0.202,0.208,0.214,0.22,0.226,0.232,0.237,0.243,0.249,0.254,0.26,0.265,0.27,0.276,0.281,0.286,0.291,0.296,0.301,0.306,0.311,0.316,0.321,0.326,0.33
35,0.022,0.03,0.039,0.047,0.056,0.064,0.072,0.08,0.087,0.095,0.102,0.11,0.117,0.124,0.131,0.138,0.145,0.152,0.159,0.165,0.172,0.179,0.185,0.191,0.197,0.204,0.21,0.216,0.222,0.228,0.233,0.239,0.245,0.25,0.256,0.261,0.267,0.272,0.278,0.283,0.288,0.293,0.298,0.303,0.308,0.313,0.318,0.323,0.328,0.333
36,0.022,0.03,0.039,0.048,0.056,0.064,0.072,0.08,0.088,0.096,0.103,0.111,0.118,0.125,0.132,0.139,0.146,0.153,0.16,0.167,0.173,0.18,0.186,0.193,0.199,0.205,0.211,0.217,0.223,0.229,0.235,0.241,0.247,0.252,0.258,0.263,0.269,0.274,0.28,0.285,0.29,0.295,0.301,0.306,0.311,0.316,0.32,0.325,0.33,0.335
37,0.022,0.031,0.039,0.048,0.056,0.065,0.073,0.081,0.089,0.096,0.104,0.111,0.119,0.126,0.133,0.141,0.148,0.154,0.161,0.168,0.175,0.181,0.188,0.194,0.201,0.207,0.213,0.219,0.225,0.231,0.237,0.243,0.249,0.254,0.26,0.265,0.271,0.276,0.282,0.287,0.292,0.298,0.303,0.308,0.313,0.318,0.323,0.328,0.333,0.337
38,0.022,0.031,0.04,0.048,0.057,0.065,0.073,0.081,0.089,0.097,0.105,0.112,0.12,0.127,0.134,0.142,0.149,0.156,0.163,0.169,0.176,0.183,0.189,0.196,0.202,0.208,0.215,0.221,0.227,0.233,0.239,0.245,0.251,0.256,0.262,0.268,0.273,0.279,0.284,0.289,0.295,0.3,0.305,0.31,0.315,0.32,0.325,0.33,0.335,0.34
39,0.022,0.031,0.04,0.049,0.057,0.066,0.074,0.082,0.09,0.098,0.106,0.113,0.121,0.128,0.136,0.143,0.15,0.157,0.164,0.171,0.178,0.184,0.191,0.197,0.204,0.21,0.216,0.223,0.229,0.235,0.241,0.247,0.253,0.258,0.264,0.27,0.275,0.281,0.286,0.292,0.297,0.302,0.308,0.313,0.318,0.323,0.328,0.333,0.338,0.343
40,0.022,0.031,0.04,0.049,0.058,0.066,0.074,0.083,0.091,0.099,0.107,0.114,0.122,0.129,0.137,0.144,0.151,0.158,0.165,0.172,0.179,0.186,0.193,0.199,0.206,0.212,0.218,0.225,0.231,0.237,0.243,0.249,0.255,0.261,0.266,0.272,0.278,0.283,0.289,0.294,0.3,0.305,0.31,0.315,0.321,0.326,0.331,0.336,0.341,0.346
41,0.022,0.031,0.04,0.049,0.058,0.067,0.075,0.083,0.092,0.1,0.107,0.115,0.123,0.131,0.138,0.145,0.153,0.16,0.167,0.174,0.181,0.188,0.194,0.201,0.207,0.214,0.22,0.227,0.233,0.239,0.245,0.251,0.257,0.263,0.269,0.274,0.28,0.286,0.291,0.297,0.302,0.308,0.313,0.318,0.323,0.329,0.334,0.339,0.344,0.349
42,0.022,0.031,0.041,0.05,0.059,0.067,0.076,0.084,0.092,0.1,0.108,0.116,0.124,0.132,0.139,0.147,0.154,0.161,0.168,0.175,0.182,0.189,0.196,0.203,0.209,0.216,0.222,0.229,0.235,0.241,0.247,0.253,0.259,0.265,0.271,0.277,0.283,0.288,0.294,0.3,0.305,0.31,0.316,0.321,0.326,0.332,0.337,0.342,0.347,0.352
43,0.022,0.032,0.041,0.05,0.059,0.068,0.076,0.085,0.093,0.101,0.109,0.117,0.125,0.133,0.141,0.148,0.156,0.163,0.17,0.177,0.184,0.191,0.198,0.205,0.211,0.218,0.225,0.231,0.237,0.244,0.25,0.256,0.262,0.268,0.274,0.28,0.285,0.291,0.297,0.302,0.308,0.313,0.319,0.324,0.329,0.335,0.34,0.345,0.35,0.355
44,0.022,0.032,0.041,0.05,0.06,0.068,0.077,0.086,0.094,0.102,0.111,0.119,0.127,0.134,0.142,0.15,0.157,0.164,0.172,0.179,0.186,0.193,0.2,0.207,0.214,0.22,0.227,0.233,0.24,0.246,0.252,0.258,0.265,0.271,0.277,0.282,0.288,0.294,0.3,0.305,0.311,0.316,0.322,0.327,0.333,0.338,0.343,0.348,0.353,0.358
45,0.022,0.032,0.042,0.051,0.06,0.069,0.078,0.086,0.095,0.103,0.112,0.12,0.128,0.136,0.143,0.151,0.159,0.166,0.174,0.181,0.188,0.195,0.202,0.209,0.216,0.222,0.229,0.236,0.242,0.249,0.255,0.261,0.267,0.273,0.279,0.285,0.291,0.297,0.303,0.308,0.314,0.32,0.325,0.331,0.336,0.341,0.346,0.352,0.357,0.362
46,0.022,0.032,0.042,0.051,0.061,0.07,0.079,0.087,0.096,0.104,0.113,0.121,0.129,0.137,0.145,0.153,0.16,0.168,0.175,0.183,0.19,0.197,0.204,0.211,0.218,0.225,0.232,0.238,0.245,0.251,0.258,0.264,0.27,0.276,0.282,0.288,0.294,0.3,0.306,0.312,0.317,0.323,0.329,0.334,0.339,0.345,0.35,0.355,0.36,0.366
47,0.023,0.033,0.042,0.052,0.061,0.07,0.079,0.088,0.097,0.106,0.114,0.122,0.131,0.139,0.147,0.155,0.162,0.17,0.177,0.185,0.192,0.199,0.207,0.214,0.221,0.227,0.234,0.241,0.247,0.254,0.26,0.267,0.273,0.279,0.285,0.292,0.298,0.303,0.309,0.315,0.321,0.326,0.332,0.338,0.343,0.348,0.354,0.359,0.364,0.37
48,0.023,0.033,0.043,0.052,0.062,0.071,0.08,0.089,0.098,0.107,0.115,0.124,0.132,0.14,0.148,0.156,0.164,0.172,0.179,0.187,0.194,0.202,0.209,0.216,0.223,0.23,0.237,0.244,0.25,0.257,0.263,0.27,0.277,0.283,0.289,0.295,0.301,0.307,0.313,0.319,0.325,0.331,0.336,0.342,0.347,0.353,0.358,0.364,0.369,0.374
49,0.023,0.034,0.044,0.053,0.063,0.072,0.082,0.091,0.1,0.109,0.117,0.126,0.134,0.142,0.151,0.159,0.167,0.174,0.182,0.19,0.197,0.205,0.212,0.219,0.226,0.233,0.24,0.247,0.254,0.26,0.267,0.274,0.28,0.286,0.293,0.299,0.305,0.311,0.317,0.323,0.329,0.334,0.34,0.346,0.351,0.357,0.362,0.368,0.373,0.378
50,0.024,0.034,0.044,0.054,0.064,0.074,0.083,0.092,0.101,0.11,0.119,0.128,0.136,0.145,0.153,0.161,0.169,0.177,0.185,0.192,0.2,0.208,0.215,0.222,0.229,0.237,0.244,0.25,0.257,0.264,0.271,0.277,0.284,0.29,0.297,0.303,0.309,0.315,0.321,0.327,0.333,0.339,0.345,0.35,0.356,0.361,0.367,0.372,0.378,0.383
51,0.024,0.035,0.045,0.055,0.065,0.075,0.084,0.094,0.103,0.112,0.121,0.13,0.138,0.147,0.155,0.163,0.172,0.18,0.187,0.195,0.203,0.211,0.218,0.225,0.233,0.24,0.247,0.254,0.261,0.268,0.275,0.281,0.288,0.294,0.301,0.307,0.313,0.319,0.325,0.332,0.338,0.343,0.349,0.355,0.361,0.366,0.372,0.377,0.383,0.388
52,0.025,0.035,0.046,0.056,0.066,0.076,0.085,0.095,0.104,0.113,0.122,0.131,0.14,0.149,0.157,0.166,0.174,0.182,0.19,0.198,0.206,0.213,0.221,0.228,0.236,0.243,0.25,0.257,0.264,0.271,0.278,0.285,0.292,0.298,0.305,0.311,0.317,0.324,0.33,0.336,0.342,0.348,0.354,0.36,0.365,0.371,0.377,0.382,0.388,0.393
53,0.025,0.036,0.046,0.057,0.067,0.077,0.087,0.096,0.106,0.115,0.124,0.133,0.142,0.151,0.159,0.168,0.176,0.185,0.193,0.201,0.209,0.216,0.224,0.232,0.239,0.247,0.254,0.261,0.268,0.275,0.282,0.289,0.296,0.302,0.309,0.315,0.322,0.328,0.334,0.34,0.347,0.353,0.359,0.364,0.37,0.376,0.382,0.387,0.393,0.398
54,0.025,0.036,0.047,0.058,0.068,0.078,0.088,0.098,0.107,0.117,0.126,0.135,0.144,0.153,0.162,0.171,0.179,0.188,0.196,0.204,0.212,0.22,0.228,0.235,0.243,0.25,0.258,0.265,0.273,0.28,0.287,0.294,0.301,0.307,0.314,0.32,0.327,0.333,0.34,0.346,0.352,0.358,0.364,0.37,0.376,0.382,0.388,0.393,0.399,0.404
55,0.026,0.037,0.048,0.059,0.069,0.08,0.09,0.1,0.109,0.119,0.129,0.138,0.147,0.156,0.165,0.174,0.182,0.191,0.199,0.207,0.216,0.224,0.232,0.239,0.247,0.255,0.262,0.269,0.277,0.284,0.291,0.298,0.305,0.312,0.319,0.325,0.332,0.338,0.345,0.351,0.357,0.363,0.369,0.376,0.381,0.387,0.393,0.399,0.405,0.41
56,0.027,0.039,0.05,0.061,0.071,0.082,0.092,0.102,0.112,0.122,0.132,0.141,0.15,0.16,0.169,0.177,0.186,0.195,0.203,0.212,0.22,0.228,0.236,0.244,0.252,0.26,0.267,0.275,0.282,0.289,0.297,0.304,0.311,0.318,0.324,0.331,0.338,0.344,0.351,0.357,0.364,0.37,0.376,0.382,0.388,0.394,0.4,0.406,0.411,0.417
57,0.027,0.039,0.05,0.061,0.072,0.083,0.093,0.104,0.114,0.124,0.134,0.143,0.153,0.162,0.171,0.18,0.189,0.198,0.207,0.215,0.224,0.232,0.24,0.248,0.256,0.264,0.271,0.279,0.287,0.295,0.302,0.309,0.316,0.323,0.33,0.337,0.344,0.351,0.357,0.364,0.37,0.376,0.383,0.389,0.395,0.401,0.407,0.413,0.418,0.424
58,0.029,0.04,0.052,0.063,0.074,0.085,0.096,0.106,0.117,0.127,0.137,0.147,0.156,0.166,0.175,0.184,0.193,0.202,0.211,0.22,0.228,0.237,0.245,0.253,0.261,0.269,0.277,0.285,0.292,0.3,0.307,0.315,0.322,0.329,0.336,0.343,0.35,0.356,0.363,0.37,0.376,0.383,0.389,0.395,0.401,0.407,0.413,0.419,0.425,0.431
59,0.029,0.041,0.053,0.064,0.076,0.087,0.098,0.108,0.119,0.129,0.139,0.149,0.159,0.169,0.178,0.188,0.197,0.206,0.215,0.224,0.232,0.241,0.249,0.258,0.266,0.274,0.282,0.29,0.297,0.305,0.313,0.32,0.327,0.335,0.342,0.349,0.356,0.362,0.369,0.376,0.382,0.389,0.395,0.402,0.408,0.414,0.42,0.426,0.432,0.438
60,0.029,0.041,0.053,0.065,0.077,0.088,0.099,0.11,0.121,0.131,0.142,0.152,0.162,0.172,0.181,0.191,0.2,0.21,0.219,0.228,0.237,0.245,0.254,0.262,0.271,0.279,0.287,0.295,0.303,0.311,0.318,0.326,0.333,0.341,0.348,0.355,0.362,0.369,0.376,0.383,0.389,0.396,0.402,0.409,0.415,0.421,0.428,0.434,0.44,0.446
61,0.029,0.042,0.054,0.066,0.078,0.09,0.101,0.112,0.123,0.134,0.144,0.155,0.165,0.175,0.185,0.195,0.204,0.214,0.223,0.232,0.241,0.25,0.259,0.267,0.276,0.284,0.292,0.301,0.309,0.316,0.324,0.332,0.34,0.347,0.354,0.362,0.369,0.376,0.383,0.39,0.396,0.403,0.41,0.416,0.423,0.429,0.435,0.441,0.447,0.453
62,0.03,0.043,0.055,0.067,0.079,0.091,0.103,0.114,0.125,0.136,0.147,0.158,0.168,0.179,0.189,0.199,0.208,0.218,0.227,0.237,0.246,0.255,0.264,0.273,0.281,0.29,0.298,0.307,0.315,0.323,0.331,0.339,0.346,0.354,0.361,0.369,0.376,0.383,0.39,0.397,0.404,0.411,0.418,0.424,0.431,0.437,0.443,0.45,0.456,0.462
63,0.03,0.043,0.056,0.069,0.081,0.093,0.105,0.117,0.128,0.139,0.15,0.161,0.172,0.182,0.193,0.203,0.213,0.223,0.232,0.242,0.251,0.26,0.269,0.278,0.287,0.296,0.305,0.314,0.322,0.33,0.339,0.346,0.354,0.362,0.37,0.377,0.385,0.392,0.399,0.406,0.413,0.42,0.427,0.433,0.44,0.447,0.453,0.459,0.466,0.472
64,0.032,0.046,0.059,0.072,0.084,0.097,0.109,0.121,0.132,0.144,0.155,0.166,0.177,0.188,0.198,0.209,0.219,0.229,0.239,0.249,0.258,0.268,0.277,0.287,0.296,0.305,0.314,0.322,0.331,0.339,0.347,0.355,0.363,0.371,0.379,0.386,0.394,0.401,0.409,0.416,0.423,0.43,0.437,0.444,0.45,0.457,0.463,0.47,0.476,0.482
65,0.034,0.048,0.061,0.074,0.087,0.1,0.113,0.125,0.137,0.148,0.16,0.171,0.183,0.194,0.204,0.215,0.225,0.236,0.246,0.256,0.265,0.275,0.285,0.294,0.303,0.312,0.321,0.33,0.338,0.348,0.356,0.365,0.373,0.381,0.389,0.396,0.404,0.411,0.419,0.426,0.433,0.44,0.447,0.454,0.461,0.468,0.474,0.481,0.487,0.494
66,0.036,0.05,0.064,0.078,0.091,0.104,0.117,0.129,0.142,0.154,0.165,0.177,0.189,0.2,0.211,0.222,0.233,0.243,0.254,0.264,0.274,0.284,0.293,0.303,0.312,0.321,0.331,0.34,0.349,0.357,0.366,0.375,0.383,0.391,0.399,0.407,0.415,0.422,0.43,0.437,0.445,0.452,0.459,0.466,0.473,0.48,0.486,0.493,0.499,0.506
67,0.038,0.052,0.067,0.08,0.094,0.107,0.121,0.133,0.146,0.158,0.171,0.183,0.194,0.206,0.217,0.228,0.239,0.25,0.261,0.271,0.281,0.292,0.301,0.311,0.321,0.33,0.34,0.349,0.358,0.367,0.375,0.384,0.392,0.401,0.409,0.417,0.425,0.433,0.44,0.448,0.455,0.463,0.47,0.477,0.484,0.491,0.498,0.504,0.511,0.517
68,0.038,0.053,0.068,0.082,0.096,0.11,0.124,0.137,0.15,0.163,0.175,0.187,0.2,0.211,0.223,0.235,0.246,0.257,0.268,0.278,0.289,0.299,0.309,0.319,0.329,0.339,0.349,0.358,0.367,0.376,0.385,0.394,0.402,0.411,0.419,0.428,0.436,0.444,0.451,0.459,0.467,0.474,0.481,0.489,0.496,0.503,0.51,0.516,0.523,0.53
69,0.039,0.055,0.07,0.085,0.099,0.113,0.127,0.141,0.154,0.168,0.18,0.193,0.206,0.218,0.23,0.242,0.253,0.265,0.276,0.287,0.298,0.308,0.319,0.329,0.339,0.349,0.359,0.368,0.378,0.387,0.396,0.405,0.414,0.423,0.431,0.44,0.449,0.457,0.465,0.472,0.48,0.488,0.495,0.502,0.51,0.517,0.524,0.531,0.537,0.544
70,0.041,0.057,0.072,0.088,0.103,0.117,0.132,0.146,0.16,0.173,0.187,0.2,0.213,0.226,0.238,0.25,0.262,0.274,0.286,0.297,0.308,0.319,0.33,0.34,0.351,0.361,0.371,0.381,0.39,0.4,0.409,0.418,0.427,0.436,0.445,0.454,0.462,0.47,0.478,0.486,0.494,0.502,0.509,0.517,0.524,0.531,0.538,0.545,0.552,0.559
71,0.042,0.059,0.075,0.091,0.107,0.122,0.137,0.151,0.166,0.18,0.193,0.207,0.22,0.233,0.246,0.259,0.271,0.283,0.295,0.307,0.318,0.329,0.34,0.351,0.362,0.372,0.383,0.393,0.403,0.412,0.422,0.431,0.44,0.449,0.458,0.467,0.476,0.484,0.492,0.5,0.508,0.516,0.524,0.531,0.539,0.546,0.553,0.56,0.567,0.574
72,0.044,0.061,0.078,0.095,0.111,0.126,0.142,0.157,0.172,0.187,0.201,0.215,0.229,0.242,0.255,0.268,0.281,0.294,0.306,0.318,0.33,0.341,0.353,0.364,0.375,0.386,0.396,0.406,0.417,0.427,0.436,0.446,0.455,0.465,0.474,0.483,0.491,0.5,0.508,0.517,0.525,0.533,0.54,0.548,0.556,0.563,0.57,0.577,0.584,0.591
73,0.045,0.063,0.08,0.097,0.114,0.131,0.147,0.163,0.178,0.193,0.208,0.223,0.237,0.251,0.265,0.278,0.291,0.304,0.317,0.329,0.342,0.354,0.365,0.377,0.388,0.399,0.41,0.421,0.432,0.442,0.452,0.462,0.472,0.481,0.491,0.5,0.509,0.517,0.526,0.534,0.543,0.551,0.559,0.566,0.574,0.581,0.589,0.596,0.603,0.61
74,0.048,0.067,0.085,0.103,0.121,0.138,0.155,0.172,0.188,0.203,0.219,0.234,0.249,0.263,0.278,0.292,0.305,0.319,0.332,0.345,0.357,0.37,0.382,0.394,0.405,0.417,0.428,0.439,0.45,0.46,0.47,0.48,0.49,0.501,0.51,0.519,0.528,0.537,0.546,0.554,0.563,0.571,0.579,0.587,0.594,0.602,0.609,0.616,0.623,0.63
75,0.051,0.071,0.09,0.109,0.127,0.145,0.163,0.18,0.197,0.213,0.229,0.245,0.261,0.276,0.291,0.305,0.32,0.333,0.347,0.36,0.374,0.386,0.399,0.411,0.423,0.435,0.446,0.458,0.469,0.479,0.49,0.5,0.51,0.52,0.53,0.539,0.548,0.557,0.566,0.575,0.583,0.591,0.599,0.608,0.616,0.624,0.631,0.638,0.646,0.653
76,0.056,0.077,0.097,0.117,0.136,0.155,0.173,0.191,0.209,0.226,0.243,0.26,0.276,0.291,0.307,0.322,0.337,0.351,0.366,0.379,0.393,0.406,0.419,0.432,0.444,0.456,0.468,0.48,0.491,0.502,0.513,0.523,0.533,0.543,0.553,0.563,0.572,0.581,0.59,0.598,0.607,0.615,0.623,0.631,0.639,0.646,0.654,0.661,0.668,0.675
77,0.059,0.081,0.102,0.123,0.144,0.163,0.183,0.202,0.22,0.239,0.256,0.274,0.291,0.307,0.323,0.339,0.355,0.37,0.385,0.399,0.413,0.427,0.44,0.453,0.466,0.478,0.491,0.502,0.514,0.525,0.536,0.547,0.557,0.567,0.577,0.587,0.596,0.606,0.615,0.623,0.632,0.64,0.648,0.656,0.663,0.671,0.678,0.685,0.692,0.699
78,0.061,0.084,0.107,0.129,0.15,0.172,0.192,0.212,0.232,0.251,0.27,0.288,0.306,0.324,0.341,0.357,0.373,0.389,0.405,0.42,0.434,0.449,0.463,0.476,0.489,0.502,0.515,0.527,0.539,0.55,0.561,0.572,0.583,0.593,0.603,0.613,0.622,0.631,0.64,0.649,0.658,0.666,0.674,0.682,0.689,0.696,0.704,0.711,0.717,0.724
79,0.063,0.088,0.112,0.136,0.159,0.181,0.203,0.225,0.246,0.267,0.287,0.306,0.325,0.343,0.361,0.379,0.396,0.413,0.429,0.444,0.46,0.474,0.489,0.503,0.516,0.53,0.542,0.555,0.567,0.579,0.59,0.601,0.612,0.622,0.633,0.642,0.652,0.661,0.67,0.679,0.687,0.695,0.703,0.71,0.718,0.725,0.732,0.739,0.746,0.752
80,0.07,0.096,0.123,0.148,0.173,0.197,0.221,0.244,0.267,0.289,0.31,0.33,0.35,0.37,0.389,0.408,0.426,0.443,0.46,0.476,0.493,0.508,0.523,0.537,0.551,0.564,0.577,0.59,0.602,0.614,0.625,0.636,0.647,0.658,0.668,0.677,0.687,0.696,0.704,0.713,0.721,0.729,0.736,0.743,0.75,0.757,0.764,0.77,0.776,0.782
81,0.078,0.107,0.136,0.163,0.19,0.216,0.242,0.267,0.291,0.314,0.337,0.359,0.38,0.401,0.421,0.44,0.459,0.477,0.495,0.512,0.528,0.544,0.559,0.574,0.588,0.601,0.615,0.627,0.639,0.651,0.662,0.673,0.684,0.695,0.704,0.714,0.723,0.731,0.74,0.748,0.756,0.763,0.77,0.777,0.784,0.79,0.797,0.803,0.808,0.814
82,0.088,0.12,0.151,0.181,0.21,0.239,0.267,0.294,0.32,0.345,0.369,0.393,0.416,0.438,0.459,0.479,0.499,0.518,0.536,0.553,0.57,0.586,0.602,0.617,0.631,0.644,0.657,0.67,0.682,0.693,0.704,0.715,0.725,0.735,0.744,0.753,0.761,0.77,0.777,0.785,0.792,0.799,0.806,0.812,0.818,0.824,0.83,0.835,0.84,0.845
83,0.094,0.129,0.165,0.199,0.231,0.263,0.294,0.323,0.352,0.379,0.406,0.432,0.456,0.48,0.502,0.524,0.544,0.564,0.582,0.6,0.617,0.633,0.649,0.664,0.678,0.691,0.704,0.716,0.727,0.738,0.749,0.759,0.768,0.777,0.786,0.794,0.802,0.809,0.816,0.823,0.83,0.836,0.842,0.847,0.853,0.858,0.863,0.868,0.872,0.877
84,0.103,0.144,0.184,0.222,0.259,0.295,0.33,0.363,0.394,0.424,0.453,0.48,0.506,0.531,0.554,0.577,0.599,0.618,0.637,0.655,0.672,0.688,0.703,0.717,0.73,0.743,0.755,0.766,0.777,0.787,0.797,0.806,0.814,0.822,0.83,0.837,0.844,0.851,0.857,0.863,0.868,0.873,0.878,0.883,0.888,0.892,0.896,0.9,0.904,0.907
85,0.119,0.166,0.212,0.257,0.299,0.341,0.379,0.416,0.45,0.483,0.514,0.543,0.571,0.597,0.621,0.644,0.665,0.684,0.703,0.72,0.736,0.751,0.765,0.778,0.79,0.801,0.811,0.821,0.831,0.839,0.847,0.855,0.862,0.869,0.875,0.881,0.887,0.892,0.897,0.902,0.906,0.91,0.914,0.918,0.921,0.924,0.928,0.931,0.933,0.936
86,0.14,0.197,0.252,0.305,0.355,0.402,0.446,0.487,0.525,0.56,0.593,0.623,0.651,0.676,0.7,0.721,0.741,0.759,0.776,0.791,0.805,0.818,0.83,0.841,0.851,0.86,0.868,0.876,0.884,0.89,0.897,0.902,0.908,0.913,0.918,0.922,0.926,0.93,0.933,0.937,0.94,0.943,0.946,0.948,0.951,0.953,0.955,0.957,0.959,0.961
87,0.167,0.242,0.312,0.377,0.437,0.492,0.542,0.587,0.627,0.663,0.696,0.725,0.75,0.773,0.793,0.812,0.828,0.842,0.855,0.867,0.878,0.887,0.896,0.904,0.911,0.917,0.923,0.928,0.933,0.938,0.942,0.946,0.949,0.952,0.955,0.958,0.961,0.963,0.965,0.967,0.969,0.971,0.972,0.974,0.975,0.977,0.978,0.979,0.98,0.981
88,0.218,0.323,0.417,0.5,0.572,0.634,0.685,0.729,0.766,0.797,0.823,0.845,0.864,0.88,0.894,0.906,0.916,0.925,0.933,0.94,0.946,0.951,0.955,0.959,0.963,0.966,0.969,0.972,0.974,0.976,0.978,0.98,0.982,0.983,0.984,0.985,0.987,0.988,0.989,0.989,0.99,0.991,0.991,0.992,0.993,0.993,0.994,0.994,0.995,0.995
89,0.358,0.525,0.649,0.739,0.804,0.85,0.884,0.908,0.927,0.941,0.952,0.961,0.968,0.973,0.977,0.981,0.984,0.986,0.988,0.99,0.992,0.993,0.994,0.995,0.995,0.996,0.997,0.997,0.997,0.998,0.998,0.998,0.999,0.999,0.999,0.999,0.999,0.999,0.999,0.999,1,1,1,1,1,1,1,1,1,1

