,0.00,0.02,0.04,0.06,0.08,0.10,0.12,0.14,0.16,0.18,0.20,0.22,0.24,0.26,0.28,0.30,0.32,0.34,0.36,0.38,0.40,0.42,0.44,0.46,0.48,0.50,0.52,0.54,0.56,0.58,0.60,0.62,0.64,0.66,0.68,0.70,0.72,0.74,0.76,0.78,0.80,0.82,0.84,0.86,0.88,0.90,0.92,0.94,0.96,0.98
0,0.072,0.087,0.102,0.117,0.131,0.145,0.159,0.172,0.185,0.198,0.211,0.224,0.236,0.248,0.26,0.271,0.283,0.294,0.305,0.316,0.326,0.337,0.347,0.357,0.367,0.377,0.386,0.396,0.405,0.414,0.423,0.432,0.44,0.449,0.457,0.465,0.473,0.481,0.489,0.496,0.504,0.511,0.518,0.526,0.533,0.539,0.546,0.553,0.559,0.566
1,0.072,0.087,0.102,0.117,0.131,0.145,0.159,0.172,0.185,0.198,0.211,0.224,0.236,0.248,0.26,0.271,0.283,0.294,0.305,0.316,0.327,0.337,0.347,0.357,0.367,0.377,0.386,0.396,0.405,0.414,0.423,0.432,0.44,0.449,0.457,0.465,0.473,0.481,0.489,0.496,0.504,0.511,0.518,0.526,0.533,0.539,0.546,0.553,0.559,0.566
2,0.072,0.087,0.102,0.117,0.131,0.145,0.159,0.172,0.185,0.198,0.211,0.224,0.236,0.248,0.26,0.272,0.283,0.294,0.305,0.316,0.327,0.337,0.347,0.357,0.367,0.377,0.386,0.396,0.405,0.414,0.423,0.432,0.44,0.449,0.457,0.465,0.473,0.481,0.489,0.497,0.504,0.511,0.519,0.526,0.533,0.54,0.546,0.553,0.56,0.566
3,0.072,0.087,0.102,0.117,0.131,0.145,0.159,0.172,0.186,0.199,0.211,0.224,0.236,0.248,0.26,0.272,0.283,0.294,0.305,0.316,0.327,0.337,0.347,0.358,0.367,0.377,0.387,0.396,0.405,0.414,0.423,0.432,0.441,0.449,0.457,0.465,0.473,0.481,0.489,0.497,0.504,0.512,0.519,0.526,0.533,0.54,0.547,0.553,0.56,0.566
4,0.072,0.087,0.102,0.117,0.131,0.145,0.159,0.172,0.186,0.199,0.212,0.224,0.236,0.248,0.26,0.272,0.283,0.295,0.306,0.316,0.327,0.337,0.348,0.358,0.368,0.377,0.387,0.396,0.406,0.415,0.424,0.432,0.441,0.449,0.458,0.466,0.474,0.482,0.489,0.497,0.505,0.512,0.519,0.526,0.533,0.54,0.547,0.554,0.56,0.567
5,0.072,0.087,0.102,0.117,0.131,0.145,0.159,0.173,0.186,0.199,0.212,0.224,0.237,0.249,0.261,0.272,0.284,0.295,0.306,0.317,0.327,0.338,0.348,0.358,0.368,0.378,0.387,0.397,0.406,0.415,0.424,0.433,0.441,0.45,0.458,0.466,0.474,0.482,0.49,0.497,0.505,0.512,0.52,0.527,0.534,0.541,0.547,0.554,0.561,0.567
6,0.072,0.088,0.102,0.117,0.131,0.146,0.159,0.173,0.186,0.199,0.212,0.225,0.237,0.249,0.261,0.273,0.284,0.295,0.306,0.317,0.328,0.338,0.348,0.359,0.368,0.378,0.388,0.397,0.406,0.415,0.424,0.433,0.442,0.45,0.458,0.467,0.475,0.483,0.49,0.498,0.505,0.513,0.52,0.527,0.534,0.541,0.548,0.555,0.561,0.568
7,0.073,0.088,0.103,0.117,0.132,0.146,0.16,0.173,0.186,0.2,0.212,0.225,0.237,0.249,0.261,0.273,0.284,0.296,0.307,0.318,0.328,0.339,0.349,0.359,0.369,0.379,0.388,0.398,0.407,0.416,0.425,0.434,0.442,0.451,0.459,0.467,0.475,0.483,0.491,0.499,0.506,0.513,0.521,0.528,0.535,0.542,0.549,0.555,0.562,0.568
8,0.073,0.088,0.103,0.118,0.132,0.146,0.16,0.173,0.187,0.2,0.213,0.225,0.238,0.25,0.262,0.273,0.285,0.296,0.307,0.318,0.329,0.339,0.349,0.36,0.37,0.379,0.389,0.398,0.407,0.417,0.426,0.434,0.443,0.451,0.46,0.468,0.476,0.484,0.492,0.499,0.507,0.514,0.521,0.529,0.536,0.542,0.549,0.556,0.562,0.569
9,0.073,0.088,0.103,0.118,0.132,0.146,0.16,0.174,0.187,0.2,0.213,0.226,0.238,0.25,0.262,0.274,0.285,0.297,0.308,0.319,0.329,0.34,0.35,0.36,0.37,0.38,0.39,0.399,0.408,0.417,0.426,0.435,0.444,0.452,0.46,0.469,0.477,0.485,0.492,0.5,0.508,0.515,0.522,0.529,0.536,0.543,0.55,0.557,0.563,0.57
10,0.073,0.088,0.103,0.118,0.133,0.147,0.161,0.174,0.188,0.201,0.214,0.226,0.239,0.251,0.263,0.274,0.286,0.297,0.308,0.319,0.33,0.34,0.351,0.361,0.371,0.381,0.39,0.4,0.409,0.418,0.427,0.436,0.444,0.453,0.461,0.469,0.478,0.485,0.493,0.501,0.508,0.516,0.523,0.53,0.537,0.544,0.551,0.558,0.564,0.571
11,0.073,0.089,0.104,0.118,0.133,0.147,0.161,0.175,0.188,0.201,0.214,0.227,0.239,0.251,0.263,0.275,0.287,0.298,0.309,0.32,0.331,0.341,0.352,0.362,0.372,0.381,0.391,0.401,0.41,0.419,0.428,0.437,0.445,0.454,0.462,0.47,0.478,0.486,0.494,0.502,0.509,0.517,0.524,0.531,0.538,0.545,0.552,0.559,0.565,0.572
12,0.073,0.089,0.104,0.119,0.133,0.147,0.161,0.175,0.189,0.202,0.215,0.227,0.24,0.252,0.264,0.276,0.287,0.299,0.31,0.321,0.332,0.342,0.352,0.363,0.373,0.382,0.392,0.401,0.411,0.42,0.429,0.438,0.446,0.455,0.463,0.471,0.479,0.487,0.495,0.503,0.51,0.518,0.525,0.532,0.539,0.546,0.553,0.56,0.566,0.573
13,0.074,0.089,0.104,0.119,0.134,0.148,0.162,0.176,0.189,0.202,0.215,0.228,0.241,0.253,0.265,0.277,0.288,0.3,0.311,0.322,0.332,0.343,0.353,0.364,0.374,0.383,0.393,0.402,0.412,0.421,0.43,0.439,0.447,0.456,0.464,0.473,0.481,0.489,0.496,0.504,0.512,0.519,0.526,0.533,0.541,0.547,0.554,0.561,0.568,0.574
14,0.074,0.089,0.105,0.12,0.134,0.148,0.162,0.176,0.19,0.203,0.216,0.229,0.241,0.254,0.266,0.277,0.289,0.3,0.312,0.323,0.333,0.344,0.354,0.365,0.375,0.384,0.394,0.404,0.413,0.422,0.431,0.44,0.449,0.457,0.466,0.474,0.482,0.49,0.498,0.505,0.513,0.52,0.528,0.535,0.542,0.549,0.556,0.562,0.569,0.575
15,0.074,0.09,0.105,0.12,0.135,0.149,0.163,0.177,0.19,0.204,0.217,0.23,0.242,0.254,0.267,0.278,0.29,0.301,0.313,0.324,0.334,0.345,0.355,0.366,0.376,0.386,0.395,0.405,0.414,0.423,0.432,0.441,0.45,0.458,0.467,0.475,0.483,0.491,0.499,0.507,0.514,0.522,0.529,0.536,0.543,0.55,0.557,0.564,0.57,0.577
16,0.075,0.09,0.105,0.12,0.135,0.15,0.164,0.178,0.191,0.205,0.218,0.23,0.243,0.255,0.267,0.279,0.291,0.302,0.314,0.325,0.336,0.346,0.357,0.367,0.377,0.387,0.397,0.406,0.415,0.425,0.434,0.443,0.451,0.46,0.468,0.476,0.485,0.493,0.5,0.508,0.516,0.523,0.53,0.538,0.545,0.552,0.558,0.565,0.572,0.578
17,0.075,0.091,0.106,0.121,0.136,0.15,0.164,0.178,0.192,0.205,0.218,0.231,0.244,0.256,0.268,0.28,0.292,0.304,0.315,0.326,0.337,0.347,0.358,0.368,0.378,0.388,0.398,0.407,0.417,0.426,0.435,0.444,0.453,0.461,0.47,0.478,0.486,0.494,0.502,0.51,0.517,0.525,0.532,0.539,0.546,0.553,0.56,0.567,0.573,0.58
18,0.075,0.091,0.106,0.122,0.136,0.151,0.165,0.179,0.193,0.206,0.219,0.232,0.245,0.257,0.27,0.282,0.293,0.305,0.316,0.327,0.338,0.349,0.359,0.37,0.38,0.39,0.399,0.409,0.418,0.428,0.437,0.446,0.454,0.463,0.471,0.48,0.488,0.496,0.504,0.511,0.519,0.526,0.534,0.541,0.548,0.555,0.562,0.569,0.575,0.582
19,0.076,0.091,0.107,0.122,0.137,0.152,0.166,0.18,0.194,0.207,0.22,0.233,0.246,0.258,0.271,0.283,0.294,0.306,0.317,0.329,0.339,0.35,0.361,0.371,0.381,0.391,0.401,0.41,0.42,0.429,0.438,0.447,0.456,0.465,0.473,0.481,0.489,0.497,0.505,0.513,0.521,0.528,0.536,0.543,0.55,0.557,0.564,0.57,0.577,0.584
20,0.076,0.092,0.107,0.123,0.138,0.152,0.167,0.181,0.195,0.208,0.221,0.234,0.247,0.26,0.272,0.284,0.296,0.307,0.319,0.33,0.341,0.352,0.362,0.373,0.383,0.393,0.402,0.412,0.422,0.431,0.44,0.449,0.458,0.466,0.475,0.483,0.491,0.499,0.507,0.515,0.523,0.53,0.537,0.545,0.552,0.559,0.566,0.572,0.579,0.585
21,0.076,0.092,0.108,0.123,0.138,0.153,0.168,0.182,0.196,0.209,0.222,0.236,0.248,0.261,0.273,0.285,0.297,0.309,0.32,0.331,0.342,0.353,0.364,0.374,0.384,0.394,0.404,0.414,0.423,0.433,0.442,0.451,0.46,0.468,0.477,0.485,0.493,0.501,0.509,0.517,0.525,0.532,0.539,0.547,0.554,0.561,0.568,0.574,0.581,0.588
22,0.077,0.093,0.109,0.124,0.139,0.154,0.168,0.183,0.197,0.21,0.224,0.237,0.25,0.262,0.275,0.287,0.299,0.31,0.322,0.333,0.344,0.355,0.365,0.376,0.386,0.396,0.406,0.416,0.425,0.435,0.444,0.453,0.461,0.47,0.479,0.487,0.495,0.503,0.511,0.519,0.527,0.534,0.542,0.549,0.556,0.563,0.57,0.577,0.583,0.59
23,0.077,0.094,0.109,0.125,0.14,0.155,0.169,0.184,0.198,0.211,0.225,0.238,0.251,0.264,0.276,0.288,0.3,0.312,0.323,0.335,0.346,0.357,0.367,0.378,0.388,0.398,0.408,0.418,0.427,0.437,0.446,0.455,0.464,0.472,0.481,0.489,0.497,0.505,0.513,0.521,0.529,0.536,0.544,0.551,0.558,0.565,0.572,0.579,0.586,0.592
24,0.078,0.094,0.11,0.126,0.141,0.156,0.17,0.185,0.199,0.213,0.226,0.239,0.252,0.265,0.278,0.29,0.302,0.314,0.325,0.336,0.348,0.358,0.369,0.38,0.39,0.4,0.41,0.42,0.429,0.439,0.448,0.457,0.466,0.474,0.483,0.491,0.5,0.508,0.516,0.524,0.531,0.539,0.546,0.553,0.561,0.568,0.574,0.581,0.588,0.594
25,0.078,0.095,0.111,0.126,0.142,0.157,0.172,0.186,0.2,0.214,0.228,0.241,0.254,0.267,0.279,0.291,0.304,0.315,0.327,0.338,0.349,0.36,0.371,0.382,0.392,0.402,0.412,0.422,0.431,0.441,0.45,0.459,0.468,0.477,0.485,0.494,0.502,0.51,0.518,0.526,0.534,0.541,0.549,0.556,0.563,0.57,0.577,0.584,0.59,0.597
26,0.079,0.095,0.112,0.127,0.143,0.158,0.173,0.187,0.201,0.215,0.229,0.242,0.255,0.268,0.281,0.293,0.305,0.317,0.329,0.34,0.351,0.362,0.373,0.384,0.394,0.404,0.414,0.424,0.434,0.443,0.452,0.462,0.47,0.479,0.488,0.496,0.505,0.513,0.521,0.529,0.536,0.544,0.551,0.559,0.566,0.573,0.58,0.586,0.593,0.6
27,0.08,0.096,0.112,0.128,0.144,0.159,0.174,0.188,0.203,0.217,0.23,0.244,0.257,0.27,0.283,0.295,0.307,0.319,0.331,0.342,0.354,0.365,0.375,0.386,0.396,0.407,0.417,0.427,0.436,0.446,0.455,0.464,0.473,0.482,0.49,0.499,0.507,0.515,0.523,0.531,0.539,0.547,0.554,0.561,0.568,0.576,0.582,0.589,0.596,0.602
28,0.08,0.097,0.113,0.129,0.145,0.16,0.175,0.19,0.204,0.218,0.232,0.246,0.259,0.272,0.285,0.297,0.309,0.321,0.333,0.344,0.356,0.367,0.378,0.388,0.399,0.409,0.419,0.429,0.439,0.448,0.458,0.467,0.476,0.484,0.493,0.502,0.51,0.518,0.526,0.534,0.542,0.549,0.557,0.564,0.571,0.578,0.585,0.592,0.599,0.605
29,0.081,0.098,0.114,0.13,0.146,0.161,0.176,0.191,0.206,0.22,0.234,0.247,0.261,0.274,0.286,0.299,0.311,0.323,0.335,0.347,0.358,0.369,0.38,0.391,0.401,0.412,0.422,0.432,0.441,0.451,0.46,0.469,0.478,0.487,0.496,0.504,0.513,0.521,0.529,0.537,0.545,0.552,0.56,0.567,0.574,0.581,0.588,0.595,0.602,0.608
30,0.082,0.099,0.115,0.131,0.147,0.163,0.178,0.193,0.207,0.221,0.235,0.249,0.263,0.276,0.289,0.301,0.313,0.326,0.337,0.349,0.361,0.372,0.383,0.393,0.404,0.414,0.424,0.434,0.444,0.454,0.463,0.472,0.481,0.49,0.499,0.507,0.516,0.524,0.532,0.54,0.548,0.555,0.563,0.57,0.577,0.585,0.592,0.598,0.605,0.612
31,0.082,0.099,0.116,0.132,0.148,0.164,0.179,0.194,0.209,0.223,0.237,0.251,0.265,0.278,0.291,0.303,0.316,0.328,0.34,0.352,0.363,0.374,0.385,0.396,0.407,0.417,0.427,0.437,0.447,0.457,0.466,0.475,0.484,0.493,0.502,0.511,0.519,0.527,0.535,0.543,0.551,0.559,0.566,0.574,0.581,0.588,0.595,0.602,0.608,0.615
32,0.083,0.1,0.117,0.134,0.15,0.165,0.181,0.196,0.211,0.225,0.239,0.253,0.267,0.28,0.293,0.306,0.318,0.33,0.342,0.354,0.366,0.377,0.388,0.399,0.41,0.42,0.43,0.44,0.45,0.46,0.469,0.478,0.488,0.496,0.505,0.514,0.522,0.531,0.539,0.547,0.554,0.562,0.57,0.577,0.584,0.591,0.598,0.605,0.612,0.618
33,0.084,0.101,0.118,0.135,0.151,0.167,0.182,0.198,0.212,0.227,0.241,0.255,0.269,0.282,0.295,0.308,0.321,0.333,0.345,0.357,0.368,0.38,0.391,0.402,0.413,0.423,0.433,0.443,0.453,0.463,0.472,0.482,0.491,0.5,0.509,0.517,0.526,0.534,0.542,0.55,0.558,0.566,0.573,0.581,0.588,0.595,0.602,0.609,0.615,0.622
34,0.085,0.102,0.119,0.136,0.152,0.168,0.184,0.199,0.214,0.229,0.243,0.257,0.271,0.285,0.298,0.311,0.323,0.336,0.348,0.36,0.371,0.383,0.394,0.405,0.416,0.426,0.437,0.447,0.457,0.466,0.476,0.485,0.494,0.503,0.512,0.521,0.529,0.538,0.546,0.554,0.562,0.569,0.577,0.584,0.592,0.599,0.606,0.613,0.619,0.626
35,0.086,0.103,0.121,0.137,0.154,0.17,0.186,0.201,0.216,0.231,0.246,0.26,0.274,0.287,0.3,0.313,0.326,0.339,0.351,0.363,0.374,0.386,0.397,0.408,0.419,0.43,0.44,0.45,0.46,0.47,0.479,0.489,0.498,0.507,0.516,0.524,0.533,0.541,0.549,0.558,0.565,0.573,0.581,0.588,0.595,0.603,0.61,0.616,0.623,0.63
36,0.087,0.104,0.122,0.139,0.155,0.172,0.188,0.203,0.218,0.233,0.248,0.262,0.276,0.29,0.303,0.316,0.329,0.341,0.354,0.366,0.378,0.389,0.4,0.412,0.422,0.433,0.443,0.454,0.464,0.473,0.483,0.492,0.502,0.511,0.52,0.528,0.537,0.545,0.553,0.561,0.569,0.577,0.585,0.592,0.599,0.607,0.614,0.621,0.627,0.634
37,0.088,0.106,0.123,0.14,0.157,0.173,0.19,0.205,0.221,0.236,0.25,0.265,0.279,0.292,0.306,0.319,0.332,0.345,0.357,0.369,0.381,0.393,0.404,0.415,0.426,0.437,0.447,0.457,0.467,0.477,0.487,0.496,0.506,0.515,0.524,0.532,0.541,0.549,0.558,0.566,0.574,0.581,0.589,0.596,0.604,0.611,0.618,0.625,0.632,0.638
38,0.089,0.107,0.125,0.142,0.159,0.175,0.192,0.207,0.223,0.238,0.253,0.267,0.281,0.295,0.309,0.322,0.335,0.348,0.36,0.372,0.384,0.396,0.407,0.419,0.43,0.44,0.451,0.461,0.471,0.481,0.491,0.5,0.51,0.519,0.528,0.537,0.545,0.554,0.562,0.57,0.578,0.586,0.593,0.601,0.608,0.615,0.622,0.629,0.636,0.643
39,0.09,0.108,0.126,0.144,0.161,0.177,0.194,0.21,0.225,0.24,0.255,0.27,0.284,0.298,0.312,0.325,0.338,0.351,0.364,0.376,0.388,0.4,0.411,0.423,0.434,0.444,0.455,0.465,0.475,0.485,0.495,0.505,0.514,0.523,0.532,0.541,0.55,0.558,0.566,0.574,0.582,0.59,0.598,0.605,0.613,0.62,0.627,0.634,0.64,0.647
40,0.091,0.109,0.128,0.145,0.162,0.179,0.196,0.212,0.228,0.243,0.258,0.273,0.287,0.301,0.315,0.329,0.342,0.355,0.367,0.38,0.392,0.404,0.415,0.426,0.438,0.448,0.459,0.47,0.48,0.49,0.499,0.509,0.518,0.528,0.537,0.545,0.554,0.563,0.571,0.579,0.587,0.595,0.602,0.61,0.617,0.625,0.632,0.638,0.645,0.652
41,0.092,0.111,0.129,0.147,0.164,0.182,0.198,0.214,0.23,0.246,0.261,0.276,0.29,0.305,0.319,0.332,0.345,0.358,0.371,0.384,0.396,0.408,0.419,0.431,0.442,0.453,0.463,0.474,0.484,0.494,0.504,0.514,0.523,0.532,0.541,0.55,0.559,0.567,0.576,0.584,0.592,0.6,0.607,0.615,0.622,0.629,0.636,0.643,0.65,0.657
42,0.093,0.112,0.131,0.149,0.167,0.184,0.201,0.217,0.233,0.249,0.264,0.279,0.294,0.308,0.322,0.336,0.349,0.362,0.375,0.388,0.4,0.412,0.424,0.435,0.446,0.457,0.468,0.479,0.489,0.499,0.509,0.518,0.528,0.537,0.546,0.555,0.564,0.572,0.581,0.589,0.597,0.605,0.612,0.62,0.627,0.635,0.642,0.649,0.655,0.662
43,0.095,0.114,0.133,0.151,0.169,0.186,0.203,0.22,0.236,0.252,0.267,0.282,0.297,0.312,0.326,0.34,0.353,0.366,0.379,0.392,0.404,0.416,0.428,0.44,0.451,0.462,0.473,0.483,0.494,0.504,0.514,0.523,0.533,0.542,0.551,0.56,0.569,0.578,0.586,0.594,0.602,0.61,0.618,0.625,0.633,0.64,0.647,0.654,0.661,0.667
44,0.096,0.116,0.134,0.153,0.171,0.189,0.206,0.223,0.239,0.255,0.271,0.286,0.301,0.315,0.33,0.344,0.357,0.37,0.383,0.396,0.409,0.421,0.433,0.444,0.456,0.467,0.478,0.488,0.499,0.509,0.519,0.529,0.538,0.548,0.557,0.566,0.574,0.583,0.591,0.6,0.608,0.616,0.623,0.631,0.638,0.645,0.652,0.659,0.666,0.673
45,0.098,0.117,0.136,0.155,0.173,0.191,0.209,0.226,0.242,0.258,0.274,0.29,0.305,0.319,0.334,0.348,0.361,0.375,0.388,0.401,0.413,0.426,0.438,0.449,0.461,0.472,0.483,0.494,0.504,0.514,0.524,0.534,0.544,0.553,0.562,0.571,0.58,0.589,0.597,0.605,0.613,0.621,0.629,0.637,0.644,0.651,0.658,0.665,0.672,0.679
46,0.099,0.119,0.139,0.157,0.176,0.194,0.212,0.229,0.245,0.262,0.278,0.293,0.309,0.323,0.338,0.352,0.366,0.379,0.393,0.406,0.418,0.431,0.443,0.454,0.466,0.477,0.488,0.499,0.51,0.52,0.53,0.54,0.549,0.559,0.568,0.577,0.586,0.594,0.603,0.611,0.619,0.627,0.635,0.642,0.65,0.657,0.664,0.671,0.678,0.685
47,0.101,0.121,0.141,0.16,0.179,0.197,0.215,0.232,0.249,0.265,0.282,0.297,0.313,0.328,0.342,0.357,0.371,0.384,0.398,0.411,0.423,0.436,0.448,0.46,0.471,0.483,0.494,0.505,0.515,0.526,0.536,0.546,0.555,0.565,0.574,0.583,0.592,0.601,0.609,0.617,0.625,0.633,0.641,0.649,0.656,0.663,0.67,0.677,0.684,0.691
48,0.103,0.123,0.143,0.162,0.181,0.2,0.218,0.235,0.253,0.269,0.286,0.301,0.317,0.332,0.347,0.361,0.376,0.389,0.403,0.416,0.429,0.441,0.453,0.465,0.477,0.489,0.5,0.511,0.521,0.532,0.542,0.552,0.562,0.571,0.58,0.589,0.598,0.607,0.615,0.624,0.632,0.64,0.647,0.655,0.662,0.67,0.677,0.684,0.691,0.697
49,0.104,0.125,0.145,0.165,0.184,0.203,0.221,0.239,0.256,0.273,0.29,0.306,0.322,0.337,0.352,0.366,0.381,0.395,0.408,0.421,0.434,0.447,0.459,0.471,0.483,0.495,0.506,0.517,0.528,0.538,0.548,0.558,0.568,0.577,0.587,0.596,0.605,0.614,0.622,0.63,0.638,0.646,0.654,0.662,0.669,0.676,0.683,0.69,0.697,0.704
50,0.106,0.127,0.148,0.168,0.187,0.206,0.225,0.243,0.26,0.278,0.294,0.31,0.326,0.342,0.357,0.372,0.386,0.4,0.414,0.427,0.44,0.453,0.465,0.478,0.489,0.501,0.512,0.523,0.534,0.545,0.555,0.565,0.575,0.584,0.594,0.603,0.612,0.62,0.629,0.637,0.645,0.653,0.661,0.669,0.676,0.683,0.69,0.697,0.704,0.711
51,0.108,0.13,0.151,0.171,0.191,0.21,0.229,0.247,0.265,0.282,0.299,0.315,0.331,0.347,0.362,0.377,0.392,0.406,0.42,0.433,0.446,0.459,0.472,0.484,0.496,0.508,0.519,0.53,0.541,0.551,0.562,0.572,0.582,0.591,0.601,0.61,0.619,0.628,0.636,0.644,0.653,0.66,0.668,0.676,0.683,0.69,0.698,0.704,0.711,0.718
52,0.111,0.132,0.153,0.174,0.194,0.214,0.233,0.251,0.269,0.287,0.304,0.32,0.337,0.353,0.368,0.383,0.398,0.412,0.426,0.44,0.453,0.466,0.478,0.491,0.503,0.515,0.526,0.537,0.548,0.559,0.569,0.579,0.589,0.599,0.608,0.617,0.626,0.635,0.644,0.652,0.66,0.668,0.676,0.683,0.691,0.698,0.705,0.712,0.719,0.725
53,0.113,0.135,0.156,0.177,0.198,0.217,0.237,0.256,0.274,0.292,0.309,0.326,0.342,0.358,0.374,0.389,0.404,0.418,0.432,0.446,0.46,0.473,0.485,0.498,0.51,0.522,0.533,0.545,0.555,0.566,0.577,0.587,0.597,0.606,0.616,0.625,0.634,0.643,0.651,0.66,0.668,0.676,0.683,0.691,0.698,0.706,0.713,0.72,0.726,0.733
54,0.115,0.138,0.16,0.181,0.201,0.222,0.241,0.26,0.279,0.297,0.314,0.331,0.348,0.364,0.38,0.395,0.41,0.425,0.439,0.453,0.467,0.48,0.493,0.505,0.517,0.529,0.541,0.552,0.563,0.574,0.584,0.595,0.605,0.614,0.624,0.633,0.642,0.651,0.659,0.668,0.676,0.684,0.692,0.699,0.706,0.714,0.721,0.727,0.734,0.741
55,0.118,0.141,0.163,0.185,0.206,0.226,0.246,0.265,0.284,0.302,0.32,0.337,0.354,0.371,0.387,0.402,0.417,0.432,0.447,0.461,0.474,0.487,0.5,0.513,0.525,0.537,0.549,0.56,0.571,0.582,0.593,0.603,0.613,0.623,0.632,0.641,0.65,0.659,0.668,0.676,0.684,0.692,0.7,0.707,0.715,0.722,0.729,0.736,0.742,0.749
56,0.121,0.144,0.166,0.188,0.21,0.231,0.251,0.27,0.289,0.308,0.326,0.344,0.361,0.377,0.394,0.409,0.425,0.44,0.454,0.468,0.482,0.495,0.508,0.521,0.534,0.546,0.557,0.569,0.58,0.591,0.601,0.612,0.622,0.631,0.641,0.65,0.659,0.668,0.677,0.685,0.693,0.701,0.709,0.716,0.723,0.731,0.737,0.744,0.751,0.757
57,0.123,0.147,0.17,0.193,0.214,0.235,0.256,0.276,0.295,0.314,0.332,0.35,0.368,0.384,0.401,0.417,0.432,0.447,0.462,0.476,0.49,0.504,0.517,0.53,0.542,0.554,0.566,0.578,0.589,0.6,0.61,0.621,0.631,0.641,0.65,0.659,0.668,0.677,0.686,0.694,0.702,0.71,0.718,0.725,0.732,0.739,0.746,0.753,0.76,0.766
58,0.127,0.151,0.174,0.197,0.219,0.241,0.262,0.282,0.301,0.321,0.339,0.357,0.375,0.392,0.409,0.425,0.44,0.456,0.47,0.485,0.499,0.513,0.526,0.539,0.551,0.564,0.575,0.587,0.598,0.609,0.62,0.63,0.64,0.65,0.66,0.669,0.678,0.687,0.695,0.703,0.711,0.719,0.727,0.734,0.742,0.749,0.756,0.762,0.769,0.775
59,0.13,0.155,0.179,0.202,0.224,0.246,0.267,0.288,0.308,0.327,0.346,0.365,0.383,0.4,0.417,0.433,0.449,0.464,0.479,0.494,0.508,0.522,0.535,0.548,0.561,0.573,0.585,0.597,0.608,0.619,0.63,0.64,0.65,0.66,0.669,0.679,0.688,0.696,0.705,0.713,0.721,0.729,0.737,0.744,0.751,0.758,0.765,0.772,0.778,0.784
60,0.133,0.159,0.183,0.207,0.23,0.252,0.274,0.295,0.315,0.335,0.354,0.373,0.391,0.408,0.425,0.442,0.458,0.473,0.489,0.503,0.518,0.532,0.545,0.558,0.571,0.583,0.595,0.607,0.618,0.629,0.64,0.65,0.66,0.67,0.68,0.689,0.698,0.707,0.715,0.723,0.731,0.739,0.747,0.754,0.761,0.768,0.775,0.781,0.788,0.794
61,0.137,0.163,0.188,0.212,0.236,0.258,0.28,0.302,0.322,0.343,0.362,0.381,0.399,0.417,0.434,0.451,0.467,0.483,0.499,0.513,0.528,0.542,0.555,0.569,0.581,0.594,0.606,0.618,0.629,0.64,0.651,0.661,0.671,0.681,0.691,0.7,0.709,0.717,0.726,0.734,0.742,0.75,0.757,0.764,0.771,0.778,0.785,0.791,0.798,0.804
62,0.141,0.168,0.193,0.218,0.242,0.265,0.287,0.309,0.33,0.351,0.371,0.39,0.408,0.426,0.444,0.461,0.477,0.493,0.509,0.524,0.539,0.553,0.566,0.58,0.593,0.605,0.617,0.629,0.64,0.651,0.662,0.673,0.683,0.692,0.702,0.711,0.72,0.729,0.737,0.745,0.753,0.761,0.768,0.775,0.782,0.789,0.795,0.802,0.808,0.814
63,0.146,0.173,0.199,0.224,0.248,0.272,0.295,0.317,0.339,0.36,0.38,0.399,0.418,0.436,0.454,0.471,0.488,0.504,0.52,0.535,0.55,0.564,0.578,0.591,0.604,0.617,0.629,0.641,0.652,0.663,0.674,0.684,0.694,0.704,0.714,0.723,0.732,0.74,0.748,0.756,0.764,0.772,0.779,0.786,0.793,0.8,0.806,0.812,0.818,0.824
64,0.15,0.178,0.205,0.231,0.256,0.28,0.303,0.326,0.348,0.369,0.389,0.409,0.429,0.447,0.465,0.483,0.5,0.516,0.532,0.547,0.562,0.576,0.59,0.604,0.617,0.629,0.641,0.653,0.665,0.676,0.686,0.697,0.707,0.716,0.726,0.735,0.744,0.752,0.76,0.768,0.776,0.783,0.791,0.798,0.804,0.811,0.817,0.823,0.829,0.835
65,0.155,0.184,0.211,0.238,0.263,0.288,0.312,0.335,0.357,0.379,0.4,0.42,0.44,0.458,0.477,0.494,0.512,0.528,0.544,0.56,0.575,0.589,0.603,0.616,0.63,0.642,0.654,0.666,0.678,0.689,0.699,0.71,0.72,0.729,0.739,0.748,0.756,0.765,0.773,0.781,0.788,0.795,0.802,0.809,0.816,0.822,0.828,0.834,0.84,0.846
66,0.161,0.19,0.218,0.245,0.271,0.297,0.321,0.345,0.368,0.39,0.411,0.432,0.451,0.471,0.489,0.507,0.524,0.541,0.557,0.573,0.588,0.602,0.617,0.63,0.643,0.656,0.668,0.68,0.691,0.702,0.713,0.723,0.733,0.743,0.752,0.761,0.769,0.777,0.785,0.793,0.801,0.808,0.815,0.821,0.828,0.834,0.84,0.846,0.851,0.857
67,0.167,0.197,0.226,0.254,0.28,0.306,0.331,0.355,0.379,0.401,0.423,0.444,0.464,0.484,0.502,0.521,0.538,0.555,0.571,0.587,0.602,0.617,0.631,0.644,0.658,0.67,0.682,0.694,0.706,0.717,0.727,0.737,0.747,0.756,0.766,0.774,0.783,0.791,0.799,0.806,0.813,0.82,0.827,0.834,0.84,0.846,0.852,0.857,0.863,0.868
68,0.173,0.204,0.234,0.262,0.29,0.317,0.342,0.367,0.391,0.414,0.436,0.457,0.478,0.497,0.516,0.535,0.553,0.57,0.586,0.602,0.617,0.632,0.646,0.66,0.673,0.685,0.698,0.709,0.721,0.731,0.742,0.752,0.762,0.771,0.78,0.788,0.797,0.805,0.812,0.82,0.827,0.833,0.84,0.846,0.852,0.858,0.864,0.869,0.874,0.879
69,0.18,0.212,0.243,0.272,0.301,0.328,0.354,0.379,0.404,0.427,0.45,0.471,0.492,0.512,0.532,0.55,0.568,0.585,0.602,0.618,0.633,0.648,0.662,0.676,0.689,0.701,0.713,0.725,0.736,0.747,0.757,0.767,0.777,0.786,0.795,0.803,0.811,0.819,0.826,0.833,0.84,0.847,0.853,0.859,0.865,0.871,0.876,0.881,0.886,0.891
70,0.188,0.221,0.253,0.283,0.312,0.34,0.367,0.393,0.418,0.442,0.465,0.487,0.508,0.528,0.548,0.567,0.585,0.602,0.619,0.635,0.65,0.665,0.679,0.693,0.706,0.718,0.73,0.742,0.753,0.763,0.773,0.783,0.792,0.801,0.81,0.818,0.826,0.833,0.84,0.847,0.854,0.86,0.866,0.872,0.878,0.883,0.888,0.893,0.898,0.902
71,0.197,0.231,0.263,0.294,0.324,0.353,0.381,0.407,0.433,0.457,0.481,0.503,0.525,0.545,0.565,0.584,0.603,0.62,0.637,0.653,0.668,0.683,0.697,0.71,0.723,0.736,0.748,0.759,0.77,0.78,0.79,0.799,0.808,0.817,0.825,0.833,0.841,0.848,0.855,0.862,0.868,0.874,0.88,0.885,0.89,0.895,0.9,0.905,0.909,0.913
72,0.206,0.241,0.275,0.307,0.338,0.368,0.396,0.423,0.449,0.474,0.498,0.521,0.543,0.564,0.584,0.603,0.622,0.639,0.656,0.672,0.687,0.702,0.716,0.729,0.742,0.754,0.766,0.777,0.787,0.798,0.807,0.816,0.825,0.834,0.841,0.849,0.856,0.863,0.87,0.876,0.882,0.888,0.893,0.898,0.903,0.908,0.912,0.917,0.921,0.924
73,0.217,0.253,0.288,0.321,0.353,0.384,0.413,0.441,0.467,0.493,0.517,0.54,0.563,0.584,0.604,0.623,0.642,0.659,0.676,0.692,0.707,0.722,0.736,0.749,0.761,0.773,0.785,0.796,0.806,0.816,0.825,0.834,0.842,0.85,0.858,0.865,0.872,0.878,0.885,0.89,0.896,0.901,0.906,0.911,0.916,0.92,0.924,0.928,0.932,0.935
74,0.228,0.266,0.302,0.337,0.37,0.401,0.431,0.46,0.487,0.513,0.538,0.561,0.584,0.605,0.626,0.645,0.664,0.681,0.698,0.714,0.729,0.743,0.757,0.77,0.782,0.793,0.804,0.815,0.825,0.834,0.843,0.852,0.86,0.867,0.874,0.881,0.888,0.894,0.899,0.905,0.91,0.915,0.92,0.924,0.928,0.932,0.936,0.939,0.943,0.946
75,0.241,0.281,0.318,0.354,0.388,0.421,0.451,0.481,0.509,0.535,0.56,0.584,0.607,0.629,0.649,0.669,0.687,0.704,0.721,0.737,0.751,0.765,0.779,0.791,0.803,0.814,0.825,0.835,0.844,0.853,0.862,0.87,0.877,0.884,0.891,0.897,0.903,0.909,0.914,0.919,0.924,0.928,0.932,0.936,0.94,0.943,0.947,0.95,0.953,0.955
76,0.256,0.297,0.336,0.373,0.409,0.442,0.474,0.504,0.532,0.559,0.585,0.609,0.632,0.654,0.674,0.694,0.712,0.729,0.745,0.761,0.775,0.789,0.802,0.814,0.825,0.836,0.846,0.855,0.864,0.872,0.88,0.888,0.895,0.901,0.907,0.913,0.918,0.923,0.928,0.933,0.937,0.941,0.944,0.948,0.951,0.954,0.957,0.96,0.962,0.965
77,0.273,0.316,0.357,0.395,0.432,0.466,0.499,0.53,0.559,0.586,0.612,0.636,0.659,0.681,0.701,0.72,0.738,0.755,0.771,0.786,0.8,0.813,0.825,0.837,0.847,0.857,0.867,0.876,0.884,0.892,0.899,0.906,0.912,0.918,0.923,0.928,0.933,0.938,0.942,0.946,0.949,0.953,0.956,0.959,0.962,0.964,0.967,0.969,0.971,0.973
78,0.292,0.337,0.38,0.42,0.457,0.493,0.527,0.558,0.588,0.615,0.641,0.666,0.689,0.71,0.73,0.749,0.766,0.783,0.798,0.812,0.826,0.838,0.849,0.86,0.87,0.879,0.888,0.896,0.904,0.911,0.917,0.923,0.929,0.934,0.939,0.943,0.947,0.951,0.955,0.958,0.961,0.964,0.966,0.969,0.971,0.973,0.975,0.977,0.979,0.98
79,0.314,0.361,0.406,0.447,0.487,0.523,0.558,0.59,0.62,0.648,0.674,0.698,0.721,0.742,0.761,0.779,0.796,0.812,0.826,0.84,0.852,0.863,0.874,0.884,0.893,0.901,0.909,0.916,0.923,0.929,0.934,0.94,0.944,0.949,0.953,0.957,0.96,0.963,0.966,0.969,0.971,0.974,0.976,0.978,0.979,0.981,0.982,0.984,0.985,0.986
80,0.339,0.389,0.436,0.479,0.52,0.557,0.592,0.625,0.655,0.683,0.709,0.733,0.755,0.775,0.794,0.811,0.827,0.842,0.855,0.867,0.879,0.889,0.898,0.907,0.915,0.922,0.929,0.935,0.941,0.946,0.951,0.955,0.959,0.962,0.966,0.969,0.971,0.974,0.976,0.978,0.98,0.982,0.983,0.985,0.986,0.987,0.989,0.99,0.99,0.991
81,0.369,0.422,0.47,0.515,0.557,0.596,0.631,0.664,0.694,0.722,0.747,0.77,0.791,0.81,0.828,0.844,0.859,0.872,0.884,0.895,0.905,0.914,0.922,0.93,0.936,0.942,0.948,0.953,0.957,0.962,0.965,0.969,0.972,0.974,0.977,0.979,0.981,0.983,0.985,0.986,0.987,0.989,0.99,0.991,0.992,0.992,0.993,0.994,0.994,0.995
82,0.404,0.459,0.51,0.557,0.6,0.639,0.675,0.707,0.737,0.763,0.788,0.81,0.829,0.847,0.863,0.877,0.89,0.902,0.912,0.922,0.93,0.938,0.944,0.95,0.956,0.96,0.965,0.968,0.972,0.975,0.978,0.98,0.982,0.984,0.986,0.987,0.989,0.99,0.991,0.992,0.993,0.994,0.994,0.995,0.995,0.996,0.996,0.997,0.997,0.997
83,0.446,0.504,0.557,0.606,0.649,0.688,0.724,0.755,0.783,0.808,0.831,0.851,0.868,0.884,0.898,0.91,0.921,0.931,0.939,0.946,0.953,0.959,0.964,0.968,0.972,0.975,0.978,0.981,0.983,0.985,0.987,0.989,0.99,0.991,0.992,0.993,0.994,0.995,0.996,0.996,0.997,0.997,0.997,0.998,0.998,0.998,0.998,0.999,0.999,0.999
84,0.496,0.557,0.612,0.662,0.705,0.743,0.777,0.807,0.833,0.856,0.875,0.892,0.907,0.92,0.931,0.941,0.949,0.956,0.962,0.968,0.972,0.976,0.98,0.982,0.985,0.987,0.989,0.99,0.992,0.993,0.994,0.995,0.996,0.996,0.997,0.997,0.998,0.998,0.998,0.998,0.999,0.999,0.999,0.999,0.999,0.999,0.999,1,1,1
85,0.557,0.621,0.677,0.726,0.768,0.804,0.835,0.861,0.884,0.903,0.919,0.932,0.943,0.953,0.96,0.967,0.973,0.977,0.981,0.984,0.987,0.989,0.991,0.992,0.994,0.995,0.996,0.996,0.997,0.997,0.998,0.998,0.999,0.999,0.999,0.999,0.999,0.999,1,1,1,1,1,1,1,1,1,1,1,1
86,0.631,0.698,0.753,0.799,0.838,0.869,0.895,0.916,0.933,0.946,0.957,0.966,0.973,0.978,0.983,0.986,0.989,0.991,0.993,0.995,0.996,0.997,0.997,0.998,0.998,0.999,0.999,0.999,0.999,0.999,1,1,1,1,1,1,1,1,1,1,1,1,1,1,1,1,1,1,1,1
87,0.724,0.789,0.84,0.879,0.91,0.933,0.95,0.963,0.973,0.98,0.985,0.989,0.992,0.994,0.996,0.997,0.998,0.998,0.999,0.999,0.999,0.999,1,1,1,1,1,1,1,1,1,1,1,1,1,1,1,1,1,1,1,1,1,1,1,1,1,1,1,1
88,0.838,0.893,0.93,0.955,0.971,0.982,0.988,0.993,0.995,0.997,0.998,0.999,0.999,1,1,1,1,1,1,1,1,1,1,1,1,1,1,1,1,1,1,1,1,1,1,1,1,1,1,1,1,1,1,1,1,1,1,1,1,1
89,0.961,0.984,0.993,0.997,0.999,1,1,1,1,1,1,1,1,1,1,1,1,1,1,1,1,1,1,1,1,1,1,1,1,1,1,1,1,1,1,1,1,1,1,1,1,1,1,1,1,1,1,1,1,1

